0 -168.875196
1 -175.575249
2 -169.456530
3 -157.730097
4 -174.729902
5 -168.406785
6 -163.158942
7 -165.545009
8 -162.111323
9 -152.926449
10 -170.328098
11 -166.886181
12 -163.128037
13 -169.337029
14 -158.844743
15 -170.217213
16 -159.678635
17 -161.700868
18 -180.521448
19 -185.365905
20 -162.940823
21 -165.326998
22 -177.634360
23 -172.714639
24 -165.697103
25 -166.859700
26 -167.152145
27 -164.327106
28 -172.755543
29 -154.315141
30 -167.415981
31 -169.732823
32 -180.114124
33 -178.951156
34 -164.840141
35 -171.708671
36 -173.301790
37 -165.063034
38 -159.043995
39 -167.061308
40 -157.908941
41 -170.075078
42 -153.693128
43 -181.022763
44 -157.656940
45 -170.874565
46 -158.322194
47 -171.059421
48 -169.292080
49 -176.444071
50 -165.719926
51 -176.021334
52 -164.213114
53 -174.367454
54 -172.656875
55 -161.963867
56 -162.405522
57 -171.410405
58 -164.593830
59 -170.594604
60 -164.354290
61 -168.254535
62 -181.086542
63 -167.197693
64 -158.879227
65 -159.503663
66 -152.555806
67 -159.042675
68 -168.947558
69 -151.254764
70 -170.521201
71 -172.094585
72 -166.096154
73 -162.705098
74 -172.069445
75 -163.167900
76 -163.629582
77 -163.425213
78 -162.986092
79 -162.922651
80 -157.950569
81 -173.346376
82 -165.126606
83 -162.575282
84 -171.513781
85 -165.851340
86 -159.286195
87 -170.344242
88 -169.920308
89 -165.183851
90 -173.630393
91 -167.327293
92 -170.287412
93 -165.488366
94 -168.947189
95 -165.528330
96 -170.426283
97 -161.855958
98 -166.259997
99 -169.672874