0 -427.187114
1 -443.000925
2 -428.338209
3 -398.018615
4 -443.193362
5 -425.548064
6 -413.500854
7 -418.689023
8 -410.073243
9 -384.067639
10 -428.659876
11 -421.258589
12 -412.788273
13 -429.035558
14 -401.780379
15 -432.371635
16 -400.256555
17 -408.779747
18 -457.020724
19 -471.812313
20 -412.189575
21 -416.838554
22 -449.640258
23 -436.026933
24 -418.799643
25 -421.959355
26 -422.999146
27 -415.013153
28 -438.378783
29 -386.942040
30 -424.038255
31 -428.493707
32 -456.375043
33 -454.328151
34 -415.248413
35 -435.550095
36 -439.223191
37 -417.006471
38 -399.601256
39 -423.373501
40 -398.651494
41 -430.530073
42 -386.545882
43 -458.377831
44 -398.517219
45 -432.724561
46 -399.400976
47 -434.159378
48 -426.735778
49 -446.484553
50 -418.940002
51 -445.023822
52 -416.957394
53 -441.943440
54 -437.382819
55 -407.005395
56 -408.686349
57 -432.448806
58 -415.987861
59 -431.033156
60 -415.930543
61 -425.097014
62 -459.592090
63 -422.396763
64 -400.862563
65 -402.254306
66 -384.474048
67 -400.291354
68 -427.708326
69 -380.594253
70 -431.900686
71 -438.451430
72 -420.036103
73 -410.750753
74 -435.714405
75 -412.463199
76 -414.109930
77 -410.682467
78 -412.054139
79 -411.620403
80 -399.598059
81 -439.651841
82 -417.509216
83 -411.282723
84 -433.647842
85 -419.316376
86 -401.720020
87 -431.306469
88 -429.298419
90 -439.089331
91 -423.999968
92 -430.867658
93 -419.120902
94 -428.001035
95 -419.748150
96 -433.296624
97 -408.969720
98 -419.989391
99 -429.694821