0 -430.753468
1 -440.796776
2 -410.756677
3 -417.492186
4 -447.794628
5 -441.989765
6 -424.183068
7 -416.059885
8 -448.160342
9 -443.759694
10 -439.666441
11 -431.871933
12 -419.586010
13 -407.192569
14 -425.939472
15 -415.953824
16 -432.162094
17 -410.388735
18 -408.844897
19 -431.079117
20 -405.691947
21 -426.118527
22 -437.054105
23 -441.135816
24 -425.763514
25 -423.486742
26 -420.294365
27 -427.640873
28 -427.737530
29 -441.993562
30 -432.572420
31 -407.687200
32 -434.532465
33 -458.601854
34 -417.522456
35 -407.730836
36 -413.855554
37 -426.216627
38 -432.521177
39 -424.860272
40 -426.116471
41 -422.987729
42 -412.314165
43 -409.084646
44 -421.884694
45 -442.696997
46 -398.491388
47 -420.901340
48 -419.856421
49 -430.435431
50 -428.456407
51 -441.497317
52 -416.612991
53 -413.991802
54 -455.848725
55 -438.032481
56 -419.850739
57 -433.247848
58 -425.085509
59 -423.806273
60 -426.900162
61 -408.908573
62 -423.086518
63 -452.306489
64 -419.947819
65 -420.912584
66 -432.146991
67 -438.454513
68 -407.774034
69 -428.887584
70 -424.714950
71 -430.938837
72 -402.178280
73 -393.654867
74 -418.114314
75 -438.203689
76 -421.768586
77 -417.719858
78 -423.836850
79 -433.065304
80 -410.893264
81 -424.952699
82 -437.259852
83 -421.152338
84 -412.904129
85 -423.617756
86 -422.025024
87 -435.801129
88 -429.358509
89 -428.879221
90 -412.389149
91 -422.102718
92 -439.224815
93 -421.711701
94 -421.524831
95 -434.436084
96 -385.808043
97 -422.555454
98 -412.576787
99 -427.731625