0 -169.063816
1 -172.723630
2 -162.005834
3 -164.372794
4 -175.498017
5 -172.808834
6 -166.340198
7 -163.874941
8 -174.744400
9 -173.499046
10 -172.110151
11 -169.595537
12 -164.913500
13 -160.692235
14 -167.465381
15 -163.503418
16 -169.430211
17 -161.876043
18 -161.043843
19 -169.082084
20 -159.970329
21 -167.669281
22 -171.508739
23 -173.311696
24 -167.273877
25 -166.323025
26 -165.416267
27 -168.483301
28 -168.344160
29 -172.867027
30 -169.769749
31 -160.832608
32 -170.897207
33 -179.263304
34 -163.721479
35 -160.459281
36 -162.698867
37 -166.857766
38 -169.335235
39 -166.816790
40 -167.302671
41 -166.321832
42 -162.099995
43 -161.154971
44 -165.734051
45 -172.575996
46 -157.606497
47 -165.253493
48 -165.193791
49 -168.784231
50 -168.169432
51 -172.690120
52 -164.141771
53 -162.883412
54 -177.435156
55 -171.532328
56 -165.221846
57 -169.926387
58 -166.856407
59 -166.852303
60 -167.413661
61 -161.094895
62 -165.823987
63 -176.889995
64 -165.334407
65 -165.759074
66 -169.276275
67 -172.164038
68 -160.756071
69 -167.638209
70 -167.073751
71 -169.233230
72 -158.513374
73 -155.833791
74 -164.938656
75 -171.353757
76 -165.342289
77 -163.981751
78 -166.280850
79 -169.900656
80 -161.755511
81 -167.203641
82 -171.574735
83 -165.262153
84 -162.761553
85 -166.779898
86 -165.967367
87 -170.558763
88 -168.354456
89 -168.532208
90 -162.459984
91 -166.081732
92 -172.080993
93 -166.007333
94 -165.649724
95 -170.567339
96 -152.555907
97 -166.534729
98 -162.702760
99 -168.111269