0 -167.243474
1 -173.693246
2 -168.722263
3 -157.723785
4 -172.312000
5 -167.569389
6 -160.887873
7 -164.132690
8 -161.247660
9 -153.761703
10 -168.512987
11 -165.999386
12 -162.678928
13 -168.690571
14 -158.151253
15 -167.847292
16 -159.977341
17 -162.379439
18 -177.276225
19 -182.176096
20 -162.356299
21 -164.167167
22 -175.708459
23 -171.474687
24 -164.936172
25 -165.822904
26 -166.790989
27 -163.831284
28 -171.413154
29 -154.507393
30 -166.754609
31 -168.334784
32 -177.190784
33 -176.696665
34 -165.076243
35 -170.027075
36 -171.405701
37 -164.897795
38 -159.145477
39 -165.701450
40 -157.346341
41 -168.333929
42 -153.587554
43 -178.498765
44 -157.586108
45 -169.434879
46 -157.592370
47 -168.778604
48 -169.002716
49 -174.652767
50 -164.321813
51 -173.327097
52 -163.429515
53 -172.268285
54 -170.734131
55 -162.158411
56 -162.939611
57 -170.319369
58 -164.081080
59 -170.131013
60 -162.975571
61 -167.044131
62 -178.783965
63 -165.948709
64 -158.561435
65 -159.271404
66 -153.420535
67 -159.113893
68 -166.979340
69 -152.318391
70 -168.802421
71 -170.914745
72 -164.884989
73 -161.442113
74 -170.383113
75 -162.886907
76 -162.503233
77 -163.292559
78 -162.811948
79 -162.031971
80 -156.669538
81 -171.874576
82 -164.549822
83 -162.406770
84 -169.819393
85 -164.846495
86 -159.342209
87 -168.204738
88 -168.793189
89 -164.363005
90 -172.162393
91 -165.541368
92 -169.098996
93 -163.437733
94 -167.512869
95 -164.365618
96 -168.404815
97 -161.350905
98 -165.958387
99 -169.008389