0 11.212093
1 10.950990
2 11.612454
3 11.460359
4 10.947406
5 10.918788
6 11.082625
7 11.453271
8 10.766497
9 10.832816
10 10.970514
11 11.132759
12 11.328501
13 11.556231
14 11.276787
15 11.410252
16 11.094971
17 11.576107
18 11.505212
19 11.118851
20 11.645106
21 11.276623
22 11.145992
23 11.249248
24 11.320358
25 11.225606
26 11.334775
27 11.398344
28 11.281109
29 10.962394
30 11.296136
31 11.684010
32 11.288990
33 10.710298
34 11.277424
35 11.527535
36 11.350856
37 11.050017
38 11.046504
39 11.229164
40 11.232248
41 11.315983
42 11.487722
43 11.500463
44 11.319621
45 10.789670
46 11.796690
47 11.322351
48 11.438263
49 11.108402
50 11.269537
51 10.917871
52 11.497987
53 11.375457
54 10.560043
55 11.023223
56 11.428725
57 11.089170
58 11.253602
59 11.377278
60 11.153901
61 11.520200
62 11.179627
63 10.807794
64 11.383662
65 11.435271
66 11.072921
67 11.159778
68 11.573394
69 10.930746
70 11.417949
71 11.153842
72 11.643493
73 11.926100
74 11.496554
75 10.929009
76 11.085661
77 11.271344
78 11.226788
79 11.208162
80 11.517902
81 11.382381
82 11.100468
83 11.194527
84 11.565203
85 11.328623
86 11.358170
87 10.914312
88 11.131353
89 11.240856
90 11.578415
91 11.431055
92 10.942242
93 11.351212
94 11.327588
95 11.063408
96 11.912456
97 11.463924
98 11.516831
99 11.218353