0 11.262309
1 10.836196
2 11.177365
3 11.691371
4 10.822106
5 11.258264
6 11.233600
7 11.265673
8 11.382593
9 12.394385
10 11.003364
11 11.352322
12 11.610139
13 11.285598
14 11.634461
15 10.904118
16 12.152516
17 11.957065
18 10.428808
19 10.296968
20 11.494521
21 11.384840
22 10.892150
23 11.092703
24 11.353767
25 11.252623
26 11.384613
27 11.507258
28 10.963682
29 11.980139
30 11.422901
31 11.132606
32 10.505378
33 10.591491
34 11.685334
35 11.001560
36 10.894896
37 11.508047
38 11.827217
39 11.246129
40 11.720323
41 11.082905
42 11.989225
43 10.592998
44 11.819550
45 11.156564
46 11.603957
47 10.814041
48 11.448269
49 10.969683
50 11.256081
51 10.766934
52 11.371887
53 10.868046
54 10.869011
55 11.779748
56 11.862693
57 10.995570
58 11.519835
59 11.146189
60 11.265178
61 11.241228
62 10.635579
63 11.236308
64 11.633236
65 11.677335
66 12.225838
67 11.876306
68 11.004800
69 12.463291
70 11.031991
71 11.102509
72 11.276412
73 11.445116
74 11.044310
75 11.591562
76 11.333434
77 11.673779
78 11.448117
79 11.341194
80 11.594311
81 11.064447
82 11.475607
83 11.580384
84 11.094913
85 11.323906
86 11.957366
87 10.931738
88 11.146335
90 11.054605
91 11.091650
92 11.147229
93 11.072160
94 11.163652
95 11.290239
96 10.886533
97 11.730971
98 11.375062
99 11.127825