0 10.268771
1 10.019753
2 10.622614
3 10.491639
4 10.006540
5 9.981908
6 10.154816
7 10.488553
8 9.838276
9 9.916479
10 10.038983
11 10.189960
12 10.372112
13 10.582117
14 10.325862
15 10.438302
16 10.137605
17 10.601517
18 10.524245
19 10.170299
20 10.660252
21 10.321026
22 10.196342
23 10.277343
24 10.363407
25 10.290763
26 10.383051
27 10.430647
28 10.323935
29 10.028571
30 10.337428
31 10.691241
32 10.326280
33 9.805869
34 10.321572
35 10.552252
36 10.398348
37 10.110770
38 10.112106
39 10.293084
40 10.267971
41 10.358642
42 10.504548
43 10.532176
44 10.365148
45 9.870353
46 10.806431
47 10.346642
48 10.468352
49 10.167596
50 10.303111
51 9.984264
52 10.509211
53 10.421423
54 9.634853
55 10.080512
56 10.460112
57 10.153776
58 10.298056
59 10.403392
60 10.213288
61 10.541191
62 10.228743
63 9.879632
64 10.427053
65 10.467027
66 10.134349
67 10.207706
68 10.591509
69 10.004994
70 10.440919
71 10.213983
72 10.655747
73 10.919377
74 10.536381
75 9.986727
76 10.152104
77 10.322511
78 10.265379
79 10.246846
80 10.548362
81 10.412355
82 10.146638
83 10.253059
84 10.588694
85 10.376051
86 10.389519
87 9.993284
88 10.182998
89 10.279618
90 10.587964
91 10.460806
92 10.016749
93 10.386284
94 10.370498
95 10.128257
96 10.906755
97 10.496727
98 10.544293
99 10.265594