0 10.319997
1 9.934291
2 10.234877
3 10.716802
4 9.889632
5 10.310523
6 10.271588
7 10.321565
8 10.422572
9 11.354973
10 10.099533
11 10.385198
12 10.621052
13 10.329448
14 10.660434
15 9.975090
16 11.130000
17 10.926859
18 9.550725
19 9.406537
20 10.519612
21 10.419071
22 9.973915
23 10.147425
24 10.403716
25 10.303727
26 10.422833
27 10.529437
28 10.027533
29 10.980319
30 10.461134
31 10.193360
32 9.611473
33 9.695523
34 10.694826
35 10.066618
36 9.963328
37 10.533642
38 10.846245
39 10.285367
40 10.739522
41 10.148611
42 10.987262
43 9.686207
44 10.815878
45 10.226360
46 10.631454
47 9.901783
48 10.483612
49 10.036362
50 10.307377
51 9.848997
52 10.398543
53 9.957869
54 9.955600
55 10.782255
56 10.863013
57 10.061888
58 10.560885
59 10.199781
60 10.307860
61 10.272993
62 9.720729
63 10.288424
64 10.648145
65 10.691427
66 11.210355
67 10.878795
68 10.074875
69 11.408229
70 10.096009
71 10.161311
72 10.317831
73 10.478850
74 10.098955
75 10.606517
76 10.378834
77 10.691401
78 10.478961
79 10.377792
80 10.618724
81 10.123350
82 10.510644
83 10.596345
84 10.155065
85 10.370854
86 10.952552
87 10.014300
88 10.201516
90 10.112579
91 10.147377
92 10.201815
93 10.149897
94 10.219022
95 10.339902
96 9.960809
97 10.743378
98 10.419022
99 10.167044