-0.087513
-0.087224
-0.087531
-0.087650
-0.087443
-0.087218
-0.087387
-0.087604
-0.087186
-0.087335
-0.087556
-0.087442
-0.087527
-0.087801
-0.087535
-0.087371
-0.087407
-0.087683
-0.087583
-0.087569
-0.087593
-0.087375
-0.087378
-0.087355
-0.087450
-0.087543
-0.087507
-0.087325
-0.087473
-0.087374
-0.087521
-0.087753
-0.087437
-0.087313
-0.087444
-0.087589
-0.087597
-0.087421
-0.087481
-0.087504
-0.087369
-0.087428
-0.087487
-0.087634
-0.087510
-0.087321
-0.087607
-0.087398
-0.087640
-0.087451
-0.087449
-0.087427
-0.087448
-0.087470
-0.087058
-0.087445
-0.087603
-0.087460
-0.087436
-0.087397
-0.087575
-0.087588
-0.087296
-0.087166
-0.087473
-0.087444
-0.087262
-0.087316
-0.087533
-0.087195
-0.087480
-0.087609
-0.087539
-0.087690
-0.087661
-0.087137
-0.087591
-0.087604
-0.087526
-0.087446
-0.087566
-0.087447
-0.087336
-0.087607
-0.087682
-0.087641
-0.087490
-0.087426
-0.087408
-0.087529
-0.087516
-0.087487
-0.087456
-0.087536
-0.087488
-0.087394
-0.087775
-0.087374
-0.087669
-0.087570