-0.087343
-0.087543
-0.087750
-0.087934
-0.086940
-0.087670
-0.086943
-0.087490
-0.087624
-0.087799
-0.087697
-0.087533
-0.087546
-0.087382
-0.087650
-0.087021
-0.087762
-0.087645
-0.087113
-0.086745
-0.087722
-0.087536
-0.087300
-0.087306
-0.087508
-0.087601
-0.087775
-0.087736
-0.087498
-0.087982
-0.087597
-0.087693
-0.087052
-0.087352
-0.087728
-0.087318
-0.087240
-0.087631
-0.087951
-0.087204
-0.087678
-0.087276
-0.087838
-0.087173
-0.087705
-0.087480
-0.087660
-0.087237
-0.087604
-0.087374
-0.087384
-0.087180
-0.087339
-0.087390
-0.087322
-0.087732
-0.087993
-0.087820
-0.087851
-0.087750
-0.087420
-0.087342
-0.087017
-0.087511
-0.087715
-0.087765
-0.087986
-0.087675
-0.087552
-0.087790
-0.087301
-0.087284
-0.087437
-0.087421
-0.087249
-0.087645
-0.087621
-0.087820
-0.087861
-0.087605
-0.087357
-0.087196
-0.087639
-0.087667
-0.087340
-0.087602
-0.087774
-0.087591
-0.087515
-0.087496
-0.087269
-0.087473
-0.087466
-0.087438
-0.087440
-0.087275
-0.087693
-0.087781
-0.087478