-1.1289053947701898e-07 -1.1319508992389483e-07 -1.1369903687409818e-07 -1.146935094914983e-07 -1.1663040854852263e-07 -1.2205579704431814e-07 -1.124818985624558e-07 -1.1217347011296473e-07 -1.1165567206726346e-07 -1.106057780911636e-07 -1.0844692162210688e-07 -1.0145554731748398e-07
-1.6500564192969963e-05 -1.6545080595359574e-05 -1.6618742937218956e-05 -1.6764105747818495e-05 -1.7047223461534664e-05 -1.7840253839745998e-05 -1.6440832782537905e-05 -1.6395749507509884e-05 -1.6320062461730645e-05 -1.6166598353668537e-05 -1.58510356904153e-05 -1.4829094907430788e-05
-0.0002444796104098206 -0.00024513936308302823 -0.00024623107012397235 -0.0002483854037316217 -0.000252581300935313 -0.00026433414517135293 -0.0002435943637055706 -0.00024292620834335334 -0.00024180448934441276 -0.00023953007110551005 -0.00023485324582974635 -0.0002197072779506091
-0.0015588711736474654 -0.0015630813412666044 -0.0015700479743271324 -0.0015837955836328166 -0.0016105708609643282 -0.0016855670755320906 -0.001553222014831405 -0.001548958201646053 -0.0015417999622328237 -0.0015272856923652404 -0.0014974400055154603 -0.0014007807727165857
-0.006381530736368229 -0.006398797068132819 -0.006427367751642243 -0.0064837470041926686 -0.006593550263309407 -0.006901084359654274 -0.006358362812034911 -0.0063408762605244 -0.006311519016042875 -0.006251992552422739 -0.0061295849541265065 -0.005733120633687884
-0.019830161513160558 -0.019883999294083927 -0.01997308380972399 -0.020148872429641043 -0.020491219659397725 -0.021449946749443286 -0.019757921298657794 -0.01970339563881727 -0.019611854218790668 -0.01942623494958834 -0.01904451655195176 -0.01780799745509653
-0.05094584839569575 -0.051084967747650686 -0.051315161569859935 -0.0517693808909756 -0.05265390404496674 -0.05513050414132219 -0.05075917289678929 -0.050618270894194864 -0.05038170995699488 -0.04990201427388789 -0.048915459074555634 -0.045718916270403566
-0.11363438224272118 -0.11394752536668498 -0.11446565152697293 -0.11548796123273235 -0.11747853021919372 -0.12305040404976512 -0.11321418369781021 -0.1128970106000371 -0.11236449052335881 -0.11128458713380972 -0.10906335474123886 -0.10186379690099238
-0.22680018138929575 -0.22743367956137245 -0.22848181889331695 -0.2305497249029724 -0.23457556691554415 -0.2458399667051076 -0.225950074017795 -0.22530837344687132 -0.22423093745856448 -0.2220458077053189 -0.21755047603728983 -0.2029727823511403
-0.4130950022663502 -0.4142712207590247 -0.4162171917139782 -0.42005604264575924 -0.427528019194014 -0.4484237137411839 -0.41151652350937495 -0.4103249527667325 -0.40832414783146254 -0.4042658903896759 -0.39591515685350653 -0.3688170629045535
-0.6959390017227867 -0.697973324145898 -0.7013387189569934 -0.7079767825759221 -0.7208937128397814 -0.7569921858029622 -0.6932087740743214 -0.6911476295563611 -0.6876864334999723 -0.6806650390843934 -0.6662127698079673 -0.6192758255159496
-1.0949219640507848 -1.0982358811219202 -1.1037176263740673 -1.1145282797756677 -1.135557758660742 -1.1942801437096304 -1.0904740627554073 -1.0871159185042873 -1.0814762054444769 -1.0700334683395003 -1.0464722502737462 -0.9698738104148589
-1.6205490570771737 -1.6256777057736735 -1.6341604158449625 -1.6508860791184097 -1.6834094077548503 -1.7741406349016497 -1.6136648069597395 -1.6084667473391359 -1.5997361191873656 -1.582018440920648 -1.5455215616139681 -1.4267272355552603
-2.2698827876693506 -2.2774758022754584 -2.290033058675338 -2.3147872495172934 -2.3629016568641554 -2.4969843341294173 -2.259689528810065 -2.2519921466316237 -2.2390621149456202 -2.212816292192009 -2.1587268522491136 -1.9824343218665914
-3.0249784649386764 -3.0357932458156376 -3.053676352936375 -3.0889211113785437 -3.157394321887075 -3.3479913263464613 -3.0104585086140165 -2.9994926070745977 -2.981069732601008 -2.9436651122352147 -2.866539754373418 -2.614803239327933
-3.8553762557070557 -3.8702617291216495 -3.894872803742884 -3.9433654500865427 -4.037531456689724 -4.299330196985291 -3.835388648460209 -3.8202916477025366 -3.794925045158898 -3.743409144085417 -3.6371318011275573 -3.2897248968068107
-4.724836422672187 -4.7447051397906765 -4.777551028990504 -4.842253538052843 -4.9678372453087425 -5.316566025395278 -4.698154445856917 -4.677998734144243 -4.644127762322549 -4.575323329500415 -4.433306393930633 -3.9683894869420766
-5.600670216054754 -5.626456443779119 -5.669079638308154 -5.753023250937892 -5.9158803019109785 -6.367602967670594 -5.566037807442531 -5.539873470370515 -5.495899748108654 -5.40655187983966 -5.222043435379636 -4.617205383148647
-6.462623888020246 -6.495231675080035 -6.5491248140684934 -6.6552429170111935 -6.861040132897482 -7.4313004358143075 -6.418825643907329 -6.385733542636164 -6.330110531928643 -6.217070158061883 -5.983539241892801 -5.217123792415382
-7.307722152617508 -7.3479728965666995 -7.4144925506530175 -7.545452508316228 -7.799347678781702 -8.502320948876543 -7.253654074944074 -7.212799544383401 -7.144123286898975 -7.004533435479761 -6.71606291977527 -5.768538836990195
-8.148309885655966 -8.196906536405624 -8.277214469618555 -8.435303498559565 -8.741729733964743 -9.589662556840855 -8.083027770581365 -8.03369741480967 -7.950768838707927 -7.782193052111746 -7.43375270835315 -6.288687619629013
-9.003687204744738 -9.061209483565703 -9.156265043732086 -9.34337628088433 -9.706018877453582 -10.709190166639795 -8.926413275910575 -8.868020141876254 -8.769854074496061 -8.570295962706753 -8.157788228734127 -6.8020526206289
-9.888741596881566 -9.955675497818063 -10.066284528856267 -10.284013890889694 -10.706000175367363 -11.873259736766267 -9.798824990853158 -9.730878798206236 -9.61665409405073 -9.384456638235791 -8.904511454325776 -7.327634110304149
-10.804888332394853 -10.881673555703674 -11.00856695014829 -11.258368365842303 -11.742570780112684 -13.082191789808169 -10.701741500028891 -10.623800675479343 -10.492779762928999 -10.226462479389967 -9.67610377832992 -7.869205687753905
-11.738500057932452 -11.825568329195672 -11.96946571116875 -12.252777781673839 -12.802064217219709 -14.32246754228409 -11.6215475475514 -11.533180720578905 -11.384645257744209 -11.082774895634634 -10.459159742371972 -8.41415776552759
-12.66845583257808 -12.766235031197693 -12.92785220098716 -13.246115116994856 -13.863390216452833 -15.573316105127882 -12.53712919087595 -12.437911680506794 -12.271157308459998 -11.932339730302145 -11.23275231299439 -8.942438746507955
-13.580513163273066 -13.6893867433522 -13.869369328099772 -14.223896862897055 -14.91186386946284 -16.819782787779285 -13.43430595334545 -13.323861725338444 -13.138269339221278 -12.761297216865138 -11.983465780820897 -9.44264958607289
-14.483717390536613 -14.603956143340111 -14.802767195631255 -15.19452682658542 -15.955267052720838 -18.06826077262143 -14.322277111129148 -14.200348423066753 -13.995501599391234 -13.579594379414091 -12.722191835373744 -9.929365000547866
-15.421628401819788 -15.553339857962774 -15.771175809673823 -16.200621797936325 -17.03526619296828 -19.358095390056445 -15.244824134722062 -15.111322399443042 -14.887092388198303 -14.432066953633447 -13.495053594296431 -10.453391992260089
-16.471292832567418 -16.614432670963634 -16.85124088901662 -17.318344201494096 -18.22711445750432 -20.762225966427874 -16.27919897238909 -16.13419173779551 -15.890714148667207 -15.396931808919236 -14.38142095295913 -11.098083661909175
-17.727424132723726 -17.881897119420056 -18.137541342173417 -18.642110348106925 -19.6249218334626 -22.37399004605456 -17.520183806121334 -17.363790797823828 -17.101289380891895 -16.56929200524317 -15.476773772592272 -11.96012164702691
-19.276552087283026 -19.44237542705723 -19.716905740990367 -20.25911770737318 -21.31660923239131 -24.283372200555807 -19.054157748142686 -18.886385107962212 -18.604893170533916 -18.034837270839425 -16.86601119728996 -13.121811286698767
-21.168728890048865 -21.346153558160957 -21.64000951066377 -22.22081987476742 -23.355182174005623 -26.547965336214506 -20.93086120771296 -20.751481182332185 -20.450642122331903 -19.841904195398243 -18.595909694249404 -14.625246134834244
-23.400286037802136 -23.589760283912074 -23.90371575376082 -24.52476867132013 -25.739644402267974 -29.171604671816944 -23.14636661593676 -22.95496018242059 -22.634104508543558 -21.985458046382387 -20.660324576045955 -16.461802221256256
-25.918895648497564 -26.120808112500043 -26.455553102624542 -27.11838189998305 -28.41741069219557 -32.10324245038314 -25.648436534485352 -25.444660806165793 -25.10326191527128 -24.41382711809332 -23.00852794629395 -18.58567555636786
-28.645920118633065 -28.8600607161922 -29.215313893223655 -29.919608228710118 -31.303132999300956 -35.250594342607485 -28.359250284454863 -28.143389061866923 -27.78199152563156 -27.053131159237005 -25.571524561568886 -20.945601205373286
-31.518222120992228 -31.743139276464422 -32.11658081693872 -32.85807016213433 -34.31899199262662 -38.51744974586745 -31.217347072519736 -30.99095729753188 -30.612257162013286 -29.84974531218269 -28.304923120473948 -23.527561228191193
-34.51412484276394 -34.74663399179166 -35.1330746271112 -35.901826004397954 -37.42206781922099 -41.83140108216402 -34.203373210272424 -33.969763050714825 -33.57939088590412 -32.79492355509745 -31.211980158402856 -26.370892854847842
-37.64285462594886 -37.87820159100051 -38.26982511263883 -39.050619247879034 -40.601466791672934 -45.15036565314297 -37.32863914567853 -37.09267264446942 -36.69883688540708 -35.90919991671291 -34.3230786218181 -29.531558785103037
-40.86209829339693 -41.09485865826798 -41.4826905954721 -42.257844398632024 -43.8051253474871 -48.402957806331976 -40.551695647950076 -40.31886200047472 -39.930768385732144 -39.15456859170489 -37.60311515503693 -32.97658022578623
-43.970488318193205 -44.19567883674175 -44.57143035744446 -45.324448228441284 -46.83565412129045 -51.39183758164184 -43.67055196851743 -43.445846578737715 -43.07182737991189 -42.32573441046901 -40.842158130341986 -36.47629687155627
-46.55241832125108 -46.76570499293576 -47.12213038587602 -47.83845572398549 -49.28436374599159 -53.71366122678755 -46.268708994405365 -46.0564375541072 -45.70363749466023 -45.00180579240274 -43.613749386534735 -39.58397348677384
-48.05183524500551 -48.24823275714725 -48.576954814624266 -49.2395932358195 -50.58539267991542 -54.7801530891086 -47.79095024250567 -47.59602222513717 -47.27254785545706 -46.630892252147056 -45.3688972502173 -41.75511527313397
-47.98802291504376 -48.16024126839734 -48.448942237510835 -49.03263670534038 -50.225400764577344 -54.00986758621023 -47.75956399921447 -47.58909159781603 -47.30662589368134 -46.74786814406209 -45.65478137646563 -42.56490676156367
-46.169169516969475 -46.308590647970455 -46.54260573191861 -47.016880800326895 -47.990961268763904 -51.12885504792082 -45.98441852119998 -45.84670772000582 -45.61880103141647 -45.168960709448584 -44.29263771450818 -41.83983156765488
-42.57525153755278 -42.67660473582116 -42.846834951388416 -43.19227636114111 -43.90368307906058 -46.21525899024591 -42.44102047990084 -42.34102139280265 -42.17562755784268 -41.84953587745474 -41.21559537194151 -39.44929300805594
-36.87182638579112 -36.9364390911453 -37.04495624246284 -37.26515197346482 -37.7186032093862 -39.19269611408202 -36.78625033665262 -36.72249508598051 -36.617040499548864 -36.40909857130349 -36.00471928860821 -34.87668599717674
-28.518970258334 -28.55330989236322 -28.610947921341754 -28.72776787729148 -28.967776275888788 -29.743065251631954 -28.473464862174925 -28.439544593037805 -28.383404400920487 -28.272577434957913 -28.056567305077536 -27.45045277220493
-18.39434560505065 -18.408274961213525 -18.431632326518187 -18.47888603342572 -18.575608061932947 -18.884792026562994 -18.375871472943786 -18.362089076367308 -18.339256595324088 -18.294102872336012 -18.205787935763937 -17.9557759979756
-9.483220665103806 -9.487348594398952 -9.494263572227629 -9.50822665616882 -9.536697447342691 -9.626731923197225 -9.477741139880491 -9.473649665902201 -9.466864890645093 -9.45342269529877 -9.427036712234015 -9.351652283609218
-3.9142225273185605 -3.9151628482740475 -3.916736788565059 -3.9199101850576152 -3.9263609930755545 -3.9465878340259377 -3.9129734529055424 -3.9120401435000796 -3.9104912451462157 -3.907418027137944 -3.9013681049056363 -3.8839551851089364
-1.3069959478657356 -1.3071711722546195 -1.3074642972388404 -1.3080546475961456 -1.3092520200581519 -1.3129833254104224 -1.306763070178495 -1.3065889754271962 -1.3062998849455816 -1.3057256738903875 -1.3045928793106771 -1.3013145472843408
-0.3520294959734384 -0.35205675056692776 -0.35210232361936306 -0.35219403158731644 -0.35237972757002134 -0.3529557534750768 -0.3519932601175943 -0.3519661606112406 -0.35192114145026576 -0.3518316491862062 -0.3516548182284567 -0.3511409466414477
-0.07555368993646143 -0.07555719603775467 -0.07556305667033102 -0.07557484259983863 -0.07559867647054748 -0.07567234566246156 -0.0755490270735334 -0.07554553884780231 -0.07553974205733639 -0.07552821150903645 -0.07550539936745705 -0.07543889144412239
-0.012743068516992414 -0.01274343480942319 -0.012744046916992874 -0.012745277244226878 -0.012747762633794589 -0.01275542277316769 -0.012742581256717306 -0.012742216655938764 -0.012741610590047617 -0.012740404430518614 -0.012738015727626398 -0.012731033106080949
-0.001669146562517627 -0.0016691771072552628 -0.0016692281385100023 -0.0016693306661443143 -0.001669537601817017 -0.0016701738736494976 -0.0016691059222391207 -0.00166907550636443 -0.0016690249353385285 -0.0016689242486825195 -0.0016687246779304797 -0.001668140005717403
-0.00016826953505081108 -0.00016827154056530983 -0.00016827489053586765 -0.00016828161854131777 -0.0001682951879128923 -0.00016833682622608516 -0.00016826686622659472 -0.00016826486849396365 -0.00016826154631599524 -0.0001682549294841181 -0.00016824180485828185 -0.00016820328207181145
-1.2971347281454878e-05 -1.2971449928467504e-05 -1.2971621359244254e-05 -1.2971965548522971e-05 -1.2972659286218533e-05 -1.2974784389569996e-05 -1.2971210664707084e-05 -1.2971108386124877e-05 -1.2970938271179414e-05 -1.2970599345356029e-05 -1.2969926663565278e-05 -1.2967949044948793e-05
-7.612515524683637e-07 -7.612556192883392e-07 -7.612624102970876e-07 -7.612760411826366e-07 -7.613035000749e-07 -7.61387488430645e-07 -7.612461390985436e-07 -7.612420858475928e-07 -7.612353432999089e-07 -7.612219062627645e-07 -7.611952228304057e-07 -7.61116665665372e-07
-3.392595577790524e-08 -3.39260799555457e-08 -3.3926287288066824e-08 -3.392670334539762e-08 -3.392754107304098e-08 -3.393010008094091e-08 -3.3925790465876996e-08 -3.3925666675044107e-08 -3.39254607239851e-08 -3.39250501926057e-08 -3.392423457041462e-08 -3.3921830374485405e-08
-1.147214592366175e-09 -1.147217508646973e-09 -1.1472223772519895e-09 -1.1472321450910181e-09 -1.1472518041880747e-09 -1.1473117877838588e-09 -1.1472107096734209e-09 -1.1472078019062004e-09 -1.147202963706946e-09 -1.1471933174929592e-09 -1.1471741449278922e-09 -1.1471175684824664e-09
-2.946070540780064e-11 -2.946075809166774e-11 -2.9460846036328924e-11 -2.946102244580039e-11 -2.946137735975354e-11 -2.946245916384223e-11 -2.9460635259167705e-11 -2.9460582719943465e-11 -2.946049529186591e-11 -2.946032094875868e-11 -2.9459974300740904e-11 -2.945895037962867e-11
-5.759700394168169e-13 -5.759707731384636e-13 -5.759719978235454e-13 -5.759744540252658e-13 -5.759793939334324e-13 -5.759944374335942e-13 -5.759690623894342e-13 -5.75968330568246e-13 -5.759671126705369e-13 -5.759646836186573e-13 -5.759598523154459e-13 -5.759455693005191e-13
-8.607650745431688e-15 -8.607658654981038e-15 -8.60767185607967e-15 -8.607698327933229e-15 -8.607751551986724e-15 -8.607913502927293e-15 -8.607640212300111e-15 -8.607632322135102e-15 -8.607619190266462e-15 -8.607592995336084e-15 -8.607540879026333e-15 -8.607386684579386e-15
-9.888904515319169e-17 -9.888911153271705e-17 -9.888922231266398e-17 -9.888944442698413e-17 -9.88898908863228e-17 -9.889124838148686e-17 -9.888895675013501e-17 -9.888889052494726e-17 -9.888878029620763e-17 -9.88885603867395e-17 -9.888812274717476e-17 -9.888682700681717e-17
-8.796796686915816e-19 -8.796801055815106e-19 -8.79680834654003e-19 -8.796822962686558e-19 -8.796852334539377e-19 -8.796941582720828e-19 -8.796790868162784e-19 -8.796786508924894e-19 -8.796779252705037e-19 -8.796764774580051e-19 -8.796735954834122e-19 -8.7966505723289e-19
-6.112944592745988e-21 -6.112946867924908e-21 -6.112950664469687e-21 -6.112958274780631e-21 -6.112973564653727e-21 -6.1130199959141235e-21 -6.1129415623742285e-21 -6.112939291991898e-21 -6.112935512577831e-21 -6.112927970790328e-21 -6.1129129550203226e-21 -6.112868442900257e-21
-3.353273755471515e-23 -3.3532747027326733e-23 -3.35327628332296e-23 -3.353279451352651e-23 -3.3532858149474096e-23 -3.353305128911757e-23 -3.353272493729626e-23 -3.3532715483765687e-23 -3.353269974600939e-23 -3.3532668338300945e-23 -3.353260579274115e-23 -3.353242028733235e-23
-1.469794153858161e-25 -1.4697944729371505e-25 -1.46979500532293e-25 -1.4697960723029636e-25 -1.4697982151397945e-25 -1.4698047155580662e-25 -1.4697937288300541e-25 -1.469793410366458e-25 -1.4697928801785133e-25 -1.4697918219898832e-25 -1.4697897143196665e-25 -1.469783460112644e-25
-5.21964150049783e-28 -5.219642381877937e-28 -5.219643852401454e-28 -5.219646799299894e-28 -5.2196527166113685e-28 -5.219670658932353e-28 -5.219640326412284e-28 -5.219639446662992e-28 -5.219637981963854e-28 -5.2196350583630564e-28 -5.219629234244567e-28 -5.219611944384144e-28
-1.525465641690099e-30 -1.5254658443820351e-30 -1.5254661825459982e-30 -1.525466860167136e-30 -1.5254682206054104e-30 -1.5254723439700199e-30 -1.5254653716746631e-30 -1.5254651693432185e-30 -1.5254648324667256e-30 -1.5254641599954955e-30 -1.5254628201573578e-30 -1.5254588410160889e-30
-3.733329919509961e-33 -3.733330314184826e-33 -3.733330972621346e-33 -3.733332291918793e-33 -3.733334940253054e-33 -3.733342964040008e-33 -3.7333293937277064e-33 -3.733328999728774e-33 -3.733328343706279e-33 -3.733327034065011e-33 -3.733324424356323e-33 -3.733316670987327e-33
-7.798651622279256e-36 -7.79865228516357e-36 -7.798653391015842e-36 -7.798655606647709e-36 -7.798660053686066e-36 -7.798673522355382e-36 -7.79865073916401e-36 -7.798650077374805e-36 -7.79864897543368e-36 -7.798646775446421e-36 -7.798642390987851e-36 -7.798629360435655e-36
-1.419736205302464e-38 -1.4197363033064447e-38 -1.4197364667956946e-38 -1.4197367943351625e-38 -1.419737451666963e-38 -1.419739441872539e-38 -1.419736074734846e-38 -1.4197359768873102e-38 -1.4197358139567883e-38 -1.419735488652249e-38 -1.4197348402603306e-38 -1.4197329126417602e-38
-2.303575660256604e-41 -2.3035757906320945e-41 -2.3035760081167715e-41 -2.3035764438082793e-41 -2.3035773180911266e-41 -2.303579964371484e-41 -2.3035754865569703e-41 -2.3035753563829017e-41 -2.3035751396175937e-41 -2.3035747068035667e-41 -2.3035738440308564e-41 -2.3035712783308884e-41
-3.41193662721605e-44 -3.41193678699259e-44 -3.4119370535151135e-44 -3.4119375874179386e-44 -3.4119386586675803e-44 -3.411941900236802e-44 -3.411936414340275e-44 -3.4119362548030145e-44 -3.4119359891350495e-44 -3.4119354586504904e-44 -3.411934401074139e-44 -3.41193125522848e-44
-4.731620244098644e-47 -4.731620429048609e-47 -4.73162073755509e-47 -4.731621355531889e-47 -4.731622595354913e-47 -4.731626346071971e-47 -4.731619997678049e-47 -4.731619812996981e-47 -4.731619505450837e-47 -4.731618891315394e-47 -4.731617666858051e-47 -4.731614023711909e-47
-6.309376065992174e-50 -6.309376273603419e-50 -6.309376619902133e-50 -6.309377313551367e-50 -6.309378705072001e-50 -6.309382913721489e-50 -6.30937578937292e-50 -6.309375582055139e-50 -6.3093752368045145e-50 -6.3093745473476605e-50 -6.3093731725968085e-50 -6.309369081347314e-50
-8.317038519423484e-53 -8.317038751718137e-53 -8.31703913918089e-53 -8.317039915252133e-53 -8.317041471993402e-53 -8.317046179336622e-53 -8.3170382099105155e-53 -8.317037977935559e-53 -8.31703759161462e-53 -8.317036820110599e-53 -8.31703528163847e-53 -8.317030702191112e-53
-1.1153181441734645e-55 -1.115318170828629e-55 -1.1153182152880236e-55 -1.1153183043349886e-55 -1.1153184829433446e-55 -1.1153190229196981e-55 -1.1153181086571022e-55 -1.1153180820377057e-55 -1.1153180377060571e-55 -1.1153179491700728e-55 -1.115317772605672e-55 -1.1153172469382714e-55
-1.5669269594562661e-58 -1.5669269917549122e-58 -1.5669270456263533e-58 -1.566927153520862e-58 -1.566927369918383e-58 -1.5669280240203946e-58 -1.5669269164196306e-58 -1.5669268841633017e-58 -1.5669268304429918e-58 -1.5669267231530076e-58 -1.5669265091736191e-58 -1.5669258719999574e-58
-2.3764779487937168e-61 -2.376477991374459e-61 -2.376478062394387e-61 -2.376478204629665e-61 -2.3764784898843993e-61 -2.376479351974251e-61 -2.3764778920557703e-61 -2.376477849529568e-61 -2.3764777787044313e-61 -2.3764776372483254e-61 -2.3764773551103115e-61 -2.3764765148392664e-61
nan nan nan nan nan nan nan nan nan nan nan nan
nan nan nan nan nan nan nan nan nan nan nan nan
nan nan nan nan nan nan nan nan nan nan nan nan
nan nan nan nan nan nan nan nan nan nan nan nan
nan nan nan nan nan nan nan nan nan nan nan nan
nan nan nan nan nan nan nan nan nan nan nan nan
nan nan nan nan nan nan nan nan nan nan nan nan
nan nan nan nan nan nan nan nan nan nan nan nan
nan nan nan nan nan nan nan nan nan nan nan nan
nan nan nan nan nan nan nan nan nan nan nan nan
nan nan nan nan nan nan nan nan nan nan nan nan
nan nan nan nan nan nan nan nan nan nan nan nan
nan nan nan nan nan nan nan nan nan nan nan nan
nan nan nan nan nan nan nan nan nan nan nan nan
nan nan nan nan nan nan nan nan nan nan nan nan
nan nan nan nan nan nan nan nan nan nan nan nan
nan nan nan nan nan nan nan nan nan nan nan nan
nan nan nan nan nan nan nan nan nan nan nan nan
