1.4164007107128195e-08 1.429801635669361e-08 1.4522608477808415e-08 1.497651417630613e-08 1.5903681177653857e-08 1.885037259714853e-08 1.3986191260300992e-08 1.3853472281352477e-08 1.3633488480857971e-08 1.319801936662527e-08 1.2344651570645043e-08 9.9169343406274e-09
2.0705629111826956e-06 2.0901533258725624e-06 2.1229857874197722e-06 2.1893409475651056e-06 2.3248808959687543e-06 2.755650253110716e-06 2.044568543805518e-06 2.025166755648414e-06 1.993007991177996e-06 1.9293481020617166e-06 1.8045969671385644e-06 1.4496972249870068e-06
3.0700588750265046e-05 3.099108233512494e-05 3.147793408544197e-05 3.246187427933646e-05 3.4471720172838617e-05 4.085941694353967e-05 3.03151353833254e-05 3.0027439249950383e-05 2.955057885602936e-05 2.8606611249007522e-05 2.6756770369895174e-05 2.1494270190137043e-05
0.0001961683125752196 0.00019802490936761795 0.0002011364743334666 0.00020742505877339564 0.00022027056258018982 0.000261097276303976 0.0001937048160861009 0.00019186610630062963 0.0001888184264349861 0.00018278542822656673 0.00017096300318951505 0.00013733087343172453
0.000806769917657974 0.0008144093056895894 0.0008272126149467992 0.0008530888316243144 0.0009059465270460044 0.001073953501765142 0.000796633351837323 0.0007890676361651831 0.0007765274545800847 0.000751703937729318 0.0007030600701127962 0.0005646862133914032
0.0025286012113615087 0.0025525674462072716 0.0025927343100561745 0.002673915400960098 0.0028397516470843637 0.0033669166886138515 0.0024968011309610427 0.002473066442377548 0.0024337265676423257 0.0023558540298225287 0.0022032615493407194 0.0017692329027568854
0.0065896095358492935 0.0066521652637771865 0.006757009031642759 0.006968915214006993 0.007401824399466033 0.008778222871921279 0.006506607444801454 0.006444657927850002 0.006341979299749029 0.0061387352480414955 0.005740499749958261 0.0046079498960441235
0.015023010487600491 0.015165975712662564 0.01540559259622109 0.01588992119837851 0.016879470544670254 0.020026557757020325 0.014833321379418318 0.014691748078538654 0.014457102585855242 0.013992663189790689 0.013082728994213585 0.010495573552833974
0.03094261041540696 0.031238133032304567 0.03173346279260963 0.032734727055865755 0.0347807494207695 0.041290468639342305 0.03055051822667719 0.030257892369610035 0.02977290867183211 0.028813036343068373 0.026932704762216694 0.021588360647740345
0.058837244455751794 0.05940201112372002 0.06034867534311279 0.06226246487722445 0.06617398228834383 0.07862624559739488 0.05808796065012072 0.05752878176674318 0.05660207488730122 0.05476812981620809 0.05117623210073625 0.04097219563083323
0.10486947738981371 0.10588294621724928 0.10758184832912246 0.1110168372891054 0.11803940841743714 0.14041299098013177 0.1035249777662749 0.10252166065914237 0.10085901649096811 0.09756908743278234 0.09112720631042452 0.07283873547058664
0.17714173246667864 0.17886892779023705 0.18176453491388753 0.18762015321506054 0.199595791077774 0.23778794208115536 0.1748505652951074 0.17314094566413332 0.17030811208693822 0.16470363822903453 0.1537333829348037 0.12261515619368957
0.28589263922144414 0.28871203202555534 0.293439236220776 0.30300089546402303 0.3225647452346698 0.38503581796242037 0.2821530238616734 0.2793628846735761 0.2747401632428656 0.2655965220214438 0.24770613697470678 0.19701205177772418
0.4435426521745368 0.44797931626446813 0.4554192185456337 0.4704718817881899 0.5012876724747021 0.5998408992009712 0.43765863285444995 0.4332690883506758 0.4259974796924428 0.4116181376418369 0.383497981073235 0.3039200520464304
0.6645026168748414 0.6712662751606465 0.6826102706139894 0.7055692049121973 0.7526015078979388 0.9032954815234854 0.655533800191049 0.6488439445022592 0.6377635452552792 0.6158592380712324 0.5730493238931958 0.4520869688957454
0.964609998227072 0.9746361508270421 0.991455295853453 1.0255079515028032 1.0953190716898735 1.3194761772396537 0.9513172816670166 0.9414039046032135 0.9249875544632009 0.8925464708714719 0.8291879254936809 0.650482292236454
1.360099624287526 1.3745900858278324 1.3989035670241114 1.4481499950217394 1.5491953704650816 1.8744193582586424 1.3408917715449054 1.326569752936309 1.30285789351891 1.256018575928605 1.1646116254917298 0.9073069038466369
1.8660041347057554 1.8864597497311333 1.9207902288526668 1.9903569153298342 2.133225949469744 2.5942431183300756 1.8388947198516254 1.8186851558189023 1.7852334920973707 1.719183033977618 1.5903943988033278 1.2286387137291124
2.4940320262211766 2.5222669630264654 2.56966479259152 2.665754583809452 2.8632766378393524 3.5023062046581566 2.4566206473351158 2.4287369628696043 2.3825936990321774 2.291523625599045 2.1141037477229254 1.616841140087374
3.250111050245563 3.288234045073077 3.352245414396449 3.482071472196623 3.749173520065659 4.615395574406254 3.1996079339924535 3.161974041802201 3.099709602131649 2.976873365422368 2.737764280506729 2.069012793260507
4.131998748537178 4.182345103768804 4.266896378294767 4.438441791927114 4.791628451406099 5.939238348942473 4.0653138341360595 4.015629784288812 3.933444070082362 3.77136377267592 3.4560836269367763 2.5758963776576635
5.127637268443025 5.192638707994673 5.301814745401411 5.523370551352897 5.979719840756422 7.464130669844203 5.0415504744832 4.977417761196392 4.8713445506780015 4.662203695112133 4.25557254393518 3.1218166784501427
6.214975613742408 6.296963979339637 6.434673422916196 6.714139875224275 7.2897796865392595 9.161831840751297 6.106393430821651 6.025503655780734 5.891718015065263 5.627950918001906 5.115174860457513 3.686149662371381
7.363672270322707 7.46462785151711 7.63417401675354 7.978164905698346 8.686321923255086 10.984925168739908 7.22995670399042 7.130333411248183 6.965545674853184 6.640592497764465 6.008650254449481 4.246409218525438
8.538727776203363 8.659997296414478 8.863598242662396 9.27644304008356 10.125288468101896 12.869566055374264 8.378065538639786 8.258336054773471 8.06023541886953 7.669394682157816 6.908610517326017 4.78275319238857
9.705134390432805 9.847153691640028 10.08547290006329 10.568251605379734 11.558867615889142 14.741355927818248 9.516901643387028 9.376566867608917 9.144263851379089 8.685550379620507 7.791202592415 5.282876654642844
10.83199700303135 10.994053606153004 11.265803287977617 11.815551343508368 12.940350836594659 16.522802209004865 10.617075054175702 10.456745433631085 10.191163372757021 9.666083080255687 8.639910967505031 5.745855808391568
11.894687174389741 12.074755391944077 12.376429625796696 12.985637548464215 14.227526588532829 18.140426911691396 11.6556874700232 11.47725534613904 11.181423932334809 10.595581482835097 9.44706138485642 6.183569126164199
12.875086769716969 13.06977385046776 13.39557654266422 14.052116511409544 15.384663836102835 19.530982982195884 12.616434589394206 12.423145566370478 12.102335454060468 11.465758252221022 10.212941261462905 6.6193559463065546
13.760186820386929 13.964823902543143 14.306845783716462 14.994423990419097 16.383181409585802 20.645992461405516 13.488017396022464 13.284405220836403 12.946043271444957 12.273097758605493 10.942758778177803 7.083898144469242
14.542599870435422 14.751507831892445 15.100196689150103 15.799395636925485 17.20438634563324 21.45726622186431 14.264422886396654 14.056072012198525 13.7093724779499 13.018126537315194 11.644879447266646 7.611181685083837
15.224344234353872 15.431253311283982 15.776133617834493 16.465923690453003 17.844922196854363 21.963001419191386 14.948498944404049 14.741647073500886 14.396971045838447 13.707997645370424 12.332258751078728 8.236684261576388
15.822160787455147 16.020701319729916 16.351198799813698 17.01060635175482 18.32250261894631 22.19177831305351 15.55716707889898 15.358222954930579 15.026284258160702 14.361114682520125 13.026215720341456 8.99792946383347
16.36792809762724 16.55209691292439 16.858307326941922 17.46791466394262 18.675521975271653 22.199025198715777 16.121859397669866 15.936929004441799 15.627998947601117 15.007517385602748 13.756482614277148 9.932069338912694
16.8958510169352 17.060421451493283 17.333773594322594 17.87696561467052 18.94917714907298 22.050545042985227 16.675773744438782 16.510229770686923 16.233400950999055 15.676306105194676 14.54854534139022 11.061101209570255
17.41207014496078 17.553030930373517 17.786991008925856 18.25126286371422 19.165269856119725 21.792503954596718 17.22343952287876 17.081453959955727 16.843834105188197 16.3649253948152 15.392406978566227 12.357208427469102
17.863971836026888 17.97904323428412 18.16994378425955 18.548444996390312 19.292399655896503 21.42307403184722 17.709921342546963 17.59391551982994 17.399677777614844 17.007828388137742 16.21049050772776 13.706565292511309
18.141111117163952 18.230184607050326 18.377929644545734 18.67077590073219 19.246059793930417 20.89199577368763 18.021846217888836 17.932020665753807 17.781589668845093 17.477999212641926 16.85973274308959 14.91266346964514
18.126588270924753 18.191720494757643 18.299764218846263 18.51395661550152 18.934894347226887 20.140766871556032 18.039386135714814 17.97371378458851 17.86374099721037 17.641831759723992 17.19001725892745 15.76758653672119
17.76293869940331 17.807769208196195 17.882157067742742 18.029707898251488 18.319996496323558 19.154061148153954 17.702932506511036 17.657752830449827 17.582117915645973 17.429578417945375 17.1193280100635 16.145210372530656
17.061970354261074 17.09086044017331 17.138817594025817 17.234014447528544 17.421586150915008 17.96266720906648 17.023314360655064 16.994219961121104 16.94553310025997 16.847417172698794 16.64816523198308 16.02514565206334
16.035046856644144 16.052345832105882 16.081074942439514 16.138151740965192 16.250802688322455 16.57718965747471 16.011909417042727 15.994501995065399 15.965385569049966 15.906759397587736 15.787909200456284 15.418048583826872
14.639333934249988 14.648889842482825 14.66476685331564 14.6963365237622 14.758748306533963 14.940358625881922 14.626557909999214 14.616949680562216 14.60088580562909 14.568568637273874 14.50316619420473 14.300591262057928
12.850301501039594 12.855150862314359 12.863211298467657 12.879250792989382 12.9110080708553 13.003781960430048 12.84382034106578 12.838947923465648 12.830805142403792 12.81443625402901 12.7813611755047 12.67935257553186
10.797941856130853 10.80019540809477 10.80394249434317 10.811403715483303 10.826195695485623 10.869554824759883 10.794930914790797 10.792668040991579 10.788887662092966 10.78129326610301 10.765968517337479 10.71887689755523
8.746118020224003 8.747069502975144 8.748652038101541 8.751804904533405 8.758062259061447 8.776456068045901 8.744847080822012 8.743892150033584 8.742297300380573 8.73909517456991 8.732640762836937 8.712866669213659
6.880063743463083 6.880423245787574 6.881021323548723 6.88221339788408 6.884581351213105 6.891558253284249 6.879583639973755 6.87922298575119 6.878620794072917 6.87741226373535 6.8749784812594115 6.8675405440439246
5.185842614210773 5.18596196286131 5.186160553252984 5.186556523349208 5.187343655131836 5.189667275452622 5.185683255291734 5.185563565225795 5.185363755485271 5.184962907913244 5.1841562650149 5.181696012301739
3.599315485182724 3.5993497551813722 3.599406787984651 3.5995205401501567 3.599746798726631 3.600415770354184 3.5992697330189345 3.5992353746914185 3.599178026424916 3.599063012389659 3.598831706080734 3.5981273888494356
2.1899825086283484 2.189990911656121 2.190004898021222 2.1900328009061045 2.1900883289158486 2.190252723718997 2.1899712914877205 2.18996286878839 2.1899488121684607 2.189920628261911 2.189863976117485 2.1896917102631117
1.1190405553124938 1.1190422919597662 1.1190451828404806 1.1190509513954967 1.1190624359606514 1.1190964749883339 1.1190382373063017 1.1190364969414643 1.1190335927835902 1.1190277711194843 1.1190160741106439 1.118980547643893
0.464979649839105 0.46497994794644887 0.4649804442344153 0.4649814347246122 0.4649834074028279 0.4649892598481929 0.46497925197166756 0.4649789532774394 0.46497845489345774 0.4649774560191302 0.46497544980340727 0.46496936255100085
0.15359512412995166 0.15359516602648893 0.1535952357816144 0.1535953750208622 0.15359565242024395 0.1535964760850697 0.15359506821711738 0.1535950262443538 0.1535949562169912 0.15359481588878762 0.15359453413347254 0.1535936799721791
0.039726232976942694 0.03972623774324874 0.03972624567944272 0.03972626152320753 0.03972629309672559 0.039726386914962074 0.03972622661650577 0.039726221842151466 0.03972621387721355 0.03972619791847221 0.039726165885038016 0.03972606884694008
0.007962899376696133 0.007962899812107 0.007962900537140667 0.007962901984771361 0.007962904870324238 0.007962913450091043 0.007962898795691953 0.007962898359596153 0.007962897632116231 0.007962896174700501 0.007962893250006764 0.007962884396220742
0.0012275579292097892 0.0012275579609579 0.0012275580138270278 0.0012275581193991582 0.0012275583298813346 0.0012275589560807178 0.0012275578868478684 0.0012275578550530743 0.0012275578020172016 0.0012275576957781116 0.0012275574826280458 0.0012275568377514503
0.0001445790457083768 0.00014457904754647147 0.00014457905060755424 0.00014457905672069757 0.0001445790689110231 0.00014457910519683387 0.00014457904325589348 0.00014457904141526451 0.0001445790383451295 0.00014457903219577655 0.00014457901986060964 0.00014457898256081835
1.2918588100803188e-05 1.2918588184890122e-05 1.2918588324931785e-05 1.291858860462703e-05 1.2918589162469632e-05 1.2918590823717613e-05 1.2918587988614018e-05 1.2918587904417694e-05 1.291858776398669e-05 1.2918587482733561e-05 1.2918586918659792e-05 1.2918585213789326e-05
8.670442579703155e-07 8.670442609966071e-07 8.670442660369218e-07 8.670442761044723e-07 8.670442961868013e-07 8.670443560168974e-07 8.670442539327507e-07 8.670442509027162e-07 8.670442458492251e-07 8.670442357289027e-07 8.670442154350678e-07 8.670441541245694e-07
4.2808563141414095e-08 4.280856322677782e-08 4.28085633689885e-08 4.2808563653048935e-08 4.280856421976238e-08 4.280856590878598e-08 4.2808563027474466e-08 4.280856294203947e-08 4.280856279945721e-08 4.280856251396207e-08 4.280856194163415e-08 4.280856021311053e-08
1.4589265946141894e-09 1.4589265965042605e-09 1.4589265996413612e-09 1.458926605905326e-09 1.4589266184196058e-09 1.4589266556936267e-09 1.4589265921004138e-09 1.4589265902270255e-09 1.4589265870755168e-09 1.4589265807781868e-09 1.4589265681592612e-09 1.4589265300427651e-09
2.4624696211012948e-11 2.462469624371478e-11 2.4624696296416862e-11 2.4624696405422965e-11 2.4624696620591535e-11 2.4624697264485846e-11 2.4624696167126144e-11 2.462469613584613e-11 2.4624696080584777e-11 2.462469597262134e-11 2.4624695754514344e-11 2.46246950982976e-11
-7.648835514359727e-13 -7.64883551104215e-13 -7.648835502985177e-13 -7.648835486397291e-13 -7.64883545511728e-13 -7.648835369808155e-13 -7.648835520994881e-13 -7.648835523364579e-13 -7.648835529051854e-13 -7.648835545639739e-13 -7.648835575260963e-13 -7.648835664361604e-13
-9.137598428271695e-14 -9.137598428271695e-14 -9.137598427086846e-14 -9.137598427086846e-14 -9.137598430048968e-14 -9.137598411091384e-14 -9.137598428271695e-14 -9.137598428271695e-14 -9.137598434195939e-14 -9.137598434788363e-14 -9.137598440712608e-14 -9.137598450783825e-14
-5.136326268505824e-15 -5.136326268505824e-15 -5.136326268505824e-15 -5.136326268505824e-15 -5.136326268505824e-15 -5.136326268505824e-15 -5.136326268505824e-15 -5.136326268505824e-15 -5.136326268505824e-15 -5.136326268505824e-15 -5.136326268505824e-15 -5.136326268505824e-15
-2.2136960438515578e-16 -2.2136960438515578e-16 -2.2136960438515578e-16 -2.2136960438515578e-16 -2.2136960438515578e-16 -2.2136960438515578e-16 -2.2136960438515578e-16 -2.2136960438515578e-16 -2.2136960438515578e-16 -2.2136960438515578e-16 -2.2136960438515578e-16 -2.2136960438515578e-16
-8.024246197104331e-18 -8.024246197104331e-18 -8.024246197104331e-18 -8.024246197104331e-18 -8.024246197104331e-18 -8.024246197104331e-18 -8.024246197104331e-18 -8.024246197104331e-18 -8.024246197104331e-18 -8.024246197104331e-18 -8.024246197104331e-18 -8.024246197104331e-18
-2.5207007658572027e-19 -2.5207007658572027e-19 -2.5207007658572027e-19 -2.5207007658572027e-19 -2.5207007658572027e-19 -2.5207007658572027e-19 -2.5207007658572027e-19 -2.5207007658572027e-19 -2.5207007658572027e-19 -2.5207007658572027e-19 -2.5207007658572027e-19 -2.5207007658572027e-19
-6.957307345856238e-21 -6.957307345856238e-21 -6.957307345856238e-21 -6.957307345856238e-21 -6.957307345856238e-21 -6.957307345856238e-21 -6.957307345856238e-21 -6.957307345856238e-21 -6.957307345856238e-21 -6.957307345856238e-21 -6.957307345856238e-21 -6.957307345856238e-21
-1.7045320230036802e-22 -1.7045320230036802e-22 -1.7045320230036802e-22 -1.7045320230036802e-22 -1.7045320230036802e-22 -1.7045320230036802e-22 -1.7045320230036802e-22 -1.7045320230036802e-22 -1.7045320230036802e-22 -1.7045320230036802e-22 -1.7045320230036802e-22 -1.7045320230036802e-22
-3.744404990761911e-24 -3.744404990761911e-24 -3.744404990761911e-24 -3.744404990761911e-24 -3.744404990761911e-24 -3.744404990761911e-24 -3.744404990761911e-24 -3.744404990761911e-24 -3.744404990761911e-24 -3.744404990761911e-24 -3.744404990761911e-24 -3.744404990761911e-24
-7.454769936153258e-26 -7.454769936153258e-26 -7.454769936153258e-26 -7.454769936153258e-26 -7.454769936153258e-26 -7.454769936153258e-26 -7.454769936153258e-26 -7.454769936153258e-26 -7.454769936153258e-26 -7.454769936153258e-26 -7.454769936153258e-26 -7.454769936153258e-26
-1.3603659210590589e-27 -1.3603659210590589e-27 -1.3603659210590589e-27 -1.3603659210590589e-27 -1.3603659210590589e-27 -1.3603659210590589e-27 -1.3603659210590589e-27 -1.3603659210590589e-27 -1.3603659210590589e-27 -1.3603659210590589e-27 -1.3603659210590589e-27 -1.3603659210590589e-27
-2.3184042830508458e-29 -2.3184042830508458e-29 -2.3184042830508458e-29 -2.3184042830508458e-29 -2.3184042830508458e-29 -2.3184042830508458e-29 -2.3184042830508458e-29 -2.3184042830508458e-29 -2.3184042830508458e-29 -2.3184042830508458e-29 -2.3184042830508458e-29 -2.3184042830508458e-29
-3.531125038440127e-31 -3.531125038440127e-31 -3.531125038440127e-31 -3.531125038440127e-31 -3.531125038440127e-31 -3.531125038440127e-31 -3.531125038440127e-31 -3.531125038440127e-31 -3.531125038440127e-31 -3.531125038440127e-31 -3.531125038440127e-31 -3.531125038440127e-31
-6.207055731633036e-33 -6.207055731633036e-33 -6.207055731633036e-33 -6.207055731633036e-33 -6.207055731633036e-33 -6.207055731633036e-33 -6.207055731633036e-33 -6.207055731633036e-33 -6.207055731633036e-33 -6.207055731633036e-33 -6.207055731633036e-33 -6.207055731633036e-33
0.0 0.0 0.0 0.0 0.0 0.0 0.0 0.0 0.0 0.0 0.0 0.0
-1.3470173028717525e-35 -1.3470173028717525e-35 -1.3470173028717525e-35 -1.3470173028717525e-35 -1.3470173028717525e-35 -1.3470173028717525e-35 -1.3470173028717525e-35 -1.3470173028717525e-35 -1.3470173028717525e-35 -1.3470173028717525e-35 -1.3470173028717525e-35 -1.3470173028717525e-35
-5.051314885769072e-37 -5.051314885769072e-37 -5.051314885769072e-37 -5.051314885769072e-37 -5.051314885769072e-37 -5.051314885769072e-37 -5.051314885769072e-37 -5.051314885769072e-37 -5.051314885769072e-37 -5.051314885769072e-37 -5.051314885769072e-37 -5.051314885769072e-37
0.0 0.0 0.0 0.0 0.0 0.0 0.0 0.0 0.0 0.0 0.0 0.0
-9.208126093849871e-39 -9.208126093849871e-39 -9.208126093849871e-39 -9.208126093849871e-39 -9.208126093849871e-39 -9.208126093849871e-39 -9.208126093849871e-39 -9.208126093849871e-39 -9.208126093849871e-39 -9.208126093849871e-39 -9.208126093849871e-39 -9.208126093849871e-39
-4.932924693133859e-40 -4.932924693133859e-40 -4.932924693133859e-40 -4.932924693133859e-40 -4.932924693133859e-40 -4.932924693133859e-40 -4.932924693133859e-40 -4.932924693133859e-40 -4.932924693133859e-40 -4.932924693133859e-40 -4.932924693133859e-40 -4.932924693133859e-40
1.2332311732834648e-40 1.2332311732834648e-40 1.2332311732834648e-40 1.2332311732834648e-40 1.2332311732834648e-40 1.2332311732834648e-40 1.2332311732834648e-40 1.2332311732834648e-40 1.2332311732834648e-40 1.2332311732834648e-40 1.2332311732834648e-40 1.2332311732834648e-40
-6.423079027518046e-42 -6.423079027518046e-42 -6.423079027518046e-42 -6.423079027518046e-42 -6.423079027518046e-42 -6.423079027518046e-42 -6.423079027518046e-42 -6.423079027518046e-42 -6.423079027518046e-42 -6.423079027518046e-42 -6.423079027518046e-42 -6.423079027518046e-42
1.9269237082554138e-42 1.9269237082554138e-42 1.9269237082554138e-42 1.9269237082554138e-42 1.9269237082554138e-42 1.9269237082554138e-42 1.9269237082554138e-42 1.9269237082554138e-42 1.9269237082554138e-42 1.9269237082554138e-42 1.9269237082554138e-42 1.9269237082554138e-42
1.0036060980496947e-43 1.0036060980496947e-43 1.0036060980496947e-43 1.0036060980496947e-43 1.0036060980496947e-43 1.0036060980496947e-43 1.0036060980496947e-43 1.0036060980496947e-43 1.0036060980496947e-43 1.0036060980496947e-43 1.0036060980496947e-43 1.0036060980496947e-43
2.0072121960993894e-44 2.0072121960993894e-44 2.0072121960993894e-44 2.0072121960993894e-44 2.0072121960993894e-44 2.0072121960993894e-44 2.0072121960993894e-44 2.0072121960993894e-44 2.0072121960993894e-44 2.0072121960993894e-44 2.0072121960993894e-44 2.0072121960993894e-44
0.0 0.0 0.0 0.0 0.0 0.0 0.0 0.0 0.0 0.0 0.0 0.0
-2.352201792303972e-46 -2.352201792303972e-46 -2.352201792303972e-46 -2.352201792303972e-46 -2.352201792303972e-46 -2.352201792303972e-46 -2.352201792303972e-46 -2.352201792303972e-46 -2.352201792303972e-46 -2.352201792303972e-46 -2.352201792303972e-46 -2.352201792303972e-46
-7.84067264101324e-47 -7.84067264101324e-47 -7.84067264101324e-47 -7.84067264101324e-47 -7.84067264101324e-47 -7.84067264101324e-47 -7.84067264101324e-47 -7.84067264101324e-47 -7.84067264101324e-47 -7.84067264101324e-47 -7.84067264101324e-47 -7.84067264101324e-47
1.96016816025331e-47 1.96016816025331e-47 1.96016816025331e-47 1.96016816025331e-47 1.96016816025331e-47 1.96016816025331e-47 1.96016816025331e-47 1.96016816025331e-47 1.96016816025331e-47 1.96016816025331e-47 1.96016816025331e-47 1.96016816025331e-47
-6.738078050870752e-48 -6.738078050870752e-48 -6.738078050870752e-48 -6.738078050870752e-48 -6.738078050870752e-48 -6.738078050870752e-48 -6.738078050870752e-48 -6.738078050870752e-48 -6.738078050870752e-48 -6.738078050870752e-48 -6.738078050870752e-48 -6.738078050870752e-48
6.1255255007915935e-49 6.1255255007915935e-49 6.1255255007915935e-49 6.1255255007915935e-49 6.1255255007915935e-49 6.1255255007915935e-49 6.1255255007915935e-49 6.1255255007915935e-49 6.1255255007915935e-49 6.1255255007915935e-49 6.1255255007915935e-49 6.1255255007915935e-49
-5.3215502788126967e-48 -5.3215502788126967e-48 -5.3215502788126967e-48 -5.3215502788126967e-48 -5.3215502788126967e-48 -5.3215502788126967e-48 -5.3215502788126967e-48 -5.3215502788126967e-48 -5.3215502788126967e-48 -5.3215502788126967e-48 -5.3215502788126967e-48 -5.3215502788126967e-48
9.762556266886603e-49 9.762556266886603e-49 9.762556266886603e-49 9.762556266886603e-49 9.762556266886603e-49 9.762556266886603e-49 9.762556266886603e-49 9.762556266886603e-49 9.762556266886603e-49 9.762556266886603e-49 9.762556266886603e-49 9.762556266886603e-49
1.837657650237478e-48 1.837657650237478e-48 1.837657650237478e-48 1.837657650237478e-48 1.837657650237478e-48 1.837657650237478e-48 1.837657650237478e-48 1.837657650237478e-48 1.837657650237478e-48 1.837657650237478e-48 1.837657650237478e-48 1.837657650237478e-48
2.2970720627968474e-48 2.2970720627968474e-48 2.2970720627968474e-48 2.2970720627968474e-48 2.2970720627968474e-48 2.2970720627968474e-48 2.2970720627968474e-48 2.2970720627968474e-48 2.2970720627968474e-48 2.2970720627968474e-48 2.2970720627968474e-48 2.2970720627968474e-48
-7.350630600949912e-48 -7.350630600949912e-48 -7.350630600949912e-48 -7.350630600949912e-48 -7.350630600949912e-48 -7.350630600949912e-48 -7.350630600949912e-48 -7.350630600949912e-48 -7.350630600949912e-48 -7.350630600949912e-48 -7.350630600949912e-48 -7.350630600949912e-48
7.924898616649125e-48 7.924898616649125e-48 7.924898616649125e-48 7.924898616649125e-48 7.924898616649125e-48 7.924898616649125e-48 7.924898616649125e-48 7.924898616649125e-48 7.924898616649125e-48 7.924898616649125e-48 7.924898616649125e-48 7.924898616649125e-48
9.18828825118739e-49 9.18828825118739e-49 9.18828825118739e-49 9.18828825118739e-49 9.18828825118739e-49 9.18828825118739e-49 9.18828825118739e-49 9.18828825118739e-49 9.18828825118739e-49 9.18828825118739e-49 9.18828825118739e-49 9.18828825118739e-49
