179.71557882060404 179.721900693509 179.7315414149893 179.74804464386514 179.77307231876011 179.81552885259518 179.7064310013505 179.69896300818638 179.6851726501514 179.6511381622178 179.5367679387635 0.9202122326689232
178.50186936954057 178.53515872475228 178.58592572219675 178.67283377937332 178.804641115265 179.02825685123955 178.45370068331434 178.41437852257872 178.34176949287925 178.1625893539376 177.56069900158167 4.834187739809705
176.3216343373655 176.4032424991163 176.5277152551888 176.7408496352072 177.0642048875251 177.61304597422983 176.20356747512633 176.10720044824455 175.92929653937279 175.49051116265179 174.0195127545662 11.710183717810901
173.18569419195074 173.33618773372848 173.5658273118438 173.95930425241426 174.55685439008468 175.57248887737052 172.9680619842082 172.79051478120232 172.46295445745196 171.65630752272855 168.96759278482224 20.905943371515608
169.12252587223773 169.36036250448464 169.7236211301713 170.3469629192666 171.29563444946302 172.91291231257952 168.77890911858955 168.49887486089065 167.98295167747537 166.71667933234 162.54707236242757 31.085200759967375
164.1890468109063 164.52845114829563 165.04771909153024 165.94114195082352 167.30619166866003 169.64617855994877 163.69952083305782 163.30132374766424 162.56952275500635 160.78401093190766 155.02704083156868 40.64697391437677
158.48140859331124 158.92971248742305 159.61742744593195 160.80567330230465 162.6325976534278 165.79247081454756 157.83653530820195 157.31350793946876 156.3559947147168 154.040884692663 146.80352699457404 48.51043558588535
152.13951930321588 152.6947870264847 153.54980943702463 155.0360304642347 157.34184472003082 161.3828214932387 151.34375450990092 150.7009721870599 149.53046161343622 146.73495118026992 138.3345776248816 54.3823981859873
145.34077963781593 145.9908693869796 146.99674752141942 148.7588372104011 151.52542400048105 156.46108674226736 144.41351482840304 143.66834080383248 142.32030053689027 139.1484949953629 130.03511964556722 58.462593457150845
138.28254014596783 139.006444934112 140.13288709101852 142.12449632407134 145.29705340572445 151.08539019776066 137.2556175099684 136.43518700506917 134.96202712127865 131.55228675047493 122.19422402873803 61.10343020013734
131.15448802937064 131.92583139339254 133.1334528520404 135.29039917935216 138.7829616708295 145.3258001504279 130.06663534882784 129.20289753827547 127.66394310013757 124.1605711941727 114.95151889472301 62.639885087847354
124.11598020633639 124.90740047551566 126.15412363137304 128.40427649390176 132.11124847020386 139.2622973043282 123.00627514309195 122.13054667574714 120.5818926713556 117.11119992126731 108.32904270045559 63.33912996102969
117.28052288070529 118.06744966826155 119.31440015092232 121.58785310620556 125.39833748441606 132.97897657794545 116.18312226521641 115.32200202736716 113.80960753676712 110.46722601078524 102.27716727918997 63.400867003661375
110.71370912264406 111.47657733790132 112.69188311904178 114.92847830316951 118.73917915598189 126.55803443875733 109.65506005419884 108.82852815012545 107.38560439351537 104.23477796170009 96.7144147453609 62.970203981913315
104.43997646406807 105.16482494149412 106.32499935669674 108.47804236949823 112.2019224358274 120.07360885851085 103.43836361840687 102.65975430162958 101.30744886782668 98.38395245019191 91.55205094465414 62.151135356098415
98.4545417401882 99.1324893236112 100.2219788011069 102.25858812789575 105.82853161561158 113.5877593604181 97.52112356049449 96.79818254994768 95.54793397707728 92.86726407886307 86.70746997027486 61.01797038902246
92.7346992876834 93.36090021816113 94.37066848387143 96.2700221885388 99.63849309056744 107.14803159248059 91.87514318818553 91.21144287001924 90.0677076803646 87.63187783691208 82.10938259206885 59.62423721589701
87.24983025392979 87.82232875863384 88.0046414178597 90.49880387310014 93.63500851894814 100.78769129738865 86.46597979531342 85.86227161869 84.82495950874522 82.62791079174472 77.70020163111559 58.01091464674951
81.96811912094411 82.48684949341391 83.32774083190446 84.92491190192102 87.41803211707396 94.52756624328946 81.25939117588536 80.71469550740727 79.78104796189861 77.8125007276234 73.4357946213393 56.21203575568406
76.8608688741625 77.32684999167115 78.08377143297221 79.52691799059815 82.15416853203746 86.82856901491917 76.22534728682827 75.7377827529294 74.90375734829055 73.15188180175352 69.28499923874236 54.260144968819425
71.90446595977241 72.31923833725688 72.99415476829004 74.28515771550691 76.65063427394823 82.34394514587231 71.33964776807413 70.90698326860773 70.16814798713573 68.62118422851734 65.22745630841489 52.187158949815135
67.08095442938178 67.4462140417968 68.04147126786107 69.18336239962915 71.28754356192836 76.42410305138468 66.58422362249769 66.20421973819323 65.5562878904612 64.20344149512043 61.25141044482254 50.02415842658668
62.37715941413357 62.694570396701906 63.21256110568319 64.20879580623574 66.05400889755563 70.61681414942555 61.94601821918418 61.61658475300883 61.05564225188596 59.88737661358244 57.35049449462371 47.79836215925984
57.78298241730561 58.05415802783544 58.497264300275326 59.351526552325204 60.941348369705146 64.92020828539205 57.41505643635008 57.13423964708297 56.65668864998649 55.66446097208528 53.519804185644965 45.52771078341518
53.288973460062316 53.51559697747671 53.88636524468246 54.602830129197315 55.942346200779504 59.33372670284495 52.981830312617056 52.74766074064443 52.349932871313975 51.525482527752374 49.751671833072265 43.215108984983644
48.8853558975528 49.069398333159526 49.37087740715903 49.95480287282975 51.051516112258916 53.86001636846574 48.6361964192631 48.44644267490493 48.12455914088331 47.4589075333044 46.03355308246724 40.84578189468672
44.56210354508032 44.70609064888457 44.942257025646356 45.40076612569303 46.26592858828077 48.50707422454234 44.367391253719425 44.21927078243098 43.968337678302625 43.45068818407925 42.34778453230398 38.38851891299535
40.31148283189297 40.41874538005532 40.59490916153907 40.93776217202911 41.5877783536919 43.29143259770363 40.16660210285887 40.05651855314537 39.870276873681426 39.48706708238609 38.67489807156601 35.80290520670052
36.13170786007109 36.20654169898221 36.32961298993398 36.56973804037365 37.02721375736382 38.24061674848981 36.03075041780812 35.954133536394984 35.82469265628976 35.55906454735205 34.999179933931586 33.05074276261428
32.032946321609145 32.08062594333863 32.15914738494234 32.31273973367149 32.60679829745504 33.39619075244433 31.96870049764423 31.92000386196793 31.83784948063182 31.66971367011272 31.317293453154115 30.110788337892394
28.039420194082556 28.066013033841013 28.10986699437444 28.195862580384873 28.361305045945606 28.810749031645884 28.00363067323474 27.976535923272003 27.93088913187693 27.837717603120154 27.643497282182206 26.98923515326355
24.18255014644214 24.194499936002433 24.21423185905276 24.253018337214773 24.327986954090456 24.534008979051823 24.16648621920835 24.15433897344521 24.13390175925593 24.092292708834513 24.006011242945 23.71977566570258
20.48178640956633 20.485275682124726 20.49104440723656 20.502409731475865 20.52447517490395 20.585787879895108 20.477100940346407 20.473561758315036 20.46761476794841 20.455536115278502 20.430613072375984 20.349103330956634
16.916923702584203 16.917107037044424 16.917410635686966 16.918010590164144 16.919182302074294 16.922486720487807 16.91667787256102 16.916492453784812 16.91618141067336 16.91555167179788 16.91426071556655 16.91011678955066
13.414864332986113 13.4152001527242 13.41575603624122 13.416853708831788 13.418994303233905 13.425009061079612 13.41441387479005 13.41407398983907 13.413503586717034 13.4123478199009 13.409974597258055 13.402320102671334
9.889126536592558 9.891125189677375 9.894436889035521 9.900988520070332 9.913811839797443 9.950179451435991 9.886447974237724 9.884428708612655 9.881043389450141 9.874197220431013 9.860194809738525 9.815531273104748
6.346934207433096 6.350500522956468 6.356413449860952 6.368124654011748 6.3910986830619505 6.456631740342772 6.3421572975172165 6.338558140893997 6.332527919508629 6.320347462540713 6.29549522269089 6.216760725549635
3.0125134307977866 3.0167107363347525 3.0236732518792655 3.037475860151091 3.0646013013036075 3.142332582616097 3.006893763510602 3.002661464495104 2.9955739680420206 2.9812713704459126 2.952144920764522 2.860359320722951
0.35166936688263123 0.35549234262776636 0.3618365493457304 0.37442312902504127 0.3991964946051886 0.470465825303868 0.3465527476224132 0.34270071597136115 0.33625273526308225 0.3232510142017947 0.2968163560173391 0.21388531011609804
-1.1150532889616562 -1.1122144748536928 -1.1075017378895038 -1.0981454735365335 -1.079705087963407 -1.0264688089062768 -1.1188514857204412 -1.1217100154621025 -1.1264931670535745 -1.1361311156970604 -1.1556986510928824 -1.2168435108047737
-1.255749133602983 -1.2540097741805578 -1.2511212678598544 -1.2453830379987492 -1.2340593013481496 -1.2012623714918 -1.2580756173195156 -1.2598260083669501 -1.2627539141289137 -1.268649753794607 -1.2806041224838505 -1.3178241321501547
-0.8333958626202005 -0.8325210001918203 -0.8310676825026381 -0.828178863988977 -0.8224714833404899 -0.8058913766652459 -0.83456571289808 -0.8354456363044782 -0.8369170291984894 -0.8398781531602306 -0.8458748292125856 -0.8644833090714448
-1.1012193409322308 -1.1008580567364166 -1.1002577213379716 -1.0990637736496205 -1.0967024219376955 -1.0898237889124616 -1.1017023224100542 -1.1020655139748405 -1.1026726614402227 -1.1038938588017428 -1.106364232400142 -1.1140070564114588
-2.3529729456814485 -2.3528481309367697 -2.3526406774029884 -2.352227898435757 -2.3514107518888467 -2.349024587249571 -2.353139766689226 -2.3532651844913555 -2.353474791941887 -2.353896186878731 -2.3547478034816023 -2.3573755332964077
-3.81897370198725 -3.818936259870026 -3.818874013805072 -3.8187501088730116 -3.8185046221288115 -3.8177862334844863 -3.8190237354799 -3.819061343878913 -3.8191241836550973 -3.819250463570046 -3.8195054517438503 -3.820290414263201
-4.709114370911796 -4.709103943898693 -4.709086606041462 -4.70905208133218 -4.708983629843556 -4.708782936488537 -4.70912830204429 -4.709138771748962 -4.709156262150737 -4.709191397109186 -4.709262289835224 -4.709480085953109
-4.6366946032474585 -4.636691656186352 -4.636686754971639 -4.636676992138319 -4.63665762318228 -4.636600740476719 -4.636698540141678 -4.63670149840251 -4.636706439509504 -4.636716362094238 -4.636736369967905 -4.636797728449971
-3.6528177953849954 -3.652816923108857 -3.652815472230419 -3.652812581360856 -3.652806842777909 -3.652789964635656 -3.652818960470241 -3.6528198358057558 -3.652821297666725 -3.652824232451603 -3.6528301467266466 -3.6528482554324246
-2.26408731599136 -2.2640870640046904 -2.2640866448139696 -2.264085809365367 -2.2640841500898983 -2.2640792633895312 -2.264087652520805 -2.264087905334562 -2.264088327479457 -2.2640891747496825 -2.264090881306227 -2.2640960991827486
-1.0979554594585823 -1.0979553938534858 -1.0979552847031904 -1.0979550671155602 -1.097954634771257 -1.0979533599519034 -1.0979555470657312 -1.0979556128715768 -1.0979557227407035 -1.0979559432035526 -1.097956387047643 -1.097957742404747
-0.4221118139503571 -0.4221117990670058 -0.4221117743020052 -0.4221117249236951 -0.42211162676912933 -0.42211133703528014 -0.4221118338231243 -0.4221118487491864 -0.42211187366689973 -0.422111923655752 -0.4221120242534139 -0.42211233109643503
-0.1315809592748733 -0.1315809563652744 -0.13158095152341015 -0.13158094186749045 -0.13158092266624785 -0.1315808659320097 -0.13158096315955434 -0.13158096607698505 -0.1315809709468736 -0.131580980714862 -0.13158100036442746 -0.13158106023782473
-0.03401159504185462 -0.03401159455610816 -0.034011593747701956 -0.034011592135265195 -0.03401158892776162 -0.03401157944205874 -0.03401159569033275 -0.03401159617730978 -0.03401159699011803 -0.0340115986201562 -0.03401160189805742 -0.03401161187671609
-0.00743589598075698 -0.007435895912338639 -0.007435895798462258 -0.007435895571290071 -0.007435895119255688 -0.007435893781345 -0.007435896072091042 -0.007435896140673828 -0.007435896255134449 -0.007435896484642915 -0.007435896946024563 -0.007435898349383253
-0.0014005048034454236 -0.0014005047954409118 -0.0014005047821168228 -0.0014005047555327964 -0.0014005047026204613 -0.0014005045458972004 -0.001400504814130528 -0.0014005048221530736 -0.0014005048355416807 -0.00140050486238368 -0.0014005049163287075 -0.0014005050802841396
-0.00023108294055539599 -0.00023108293979154105 -0.000231082938519959 -0.00023108293598265908 -0.00023108293093110585 -0.0002310829159584956 -0.00023108294157495632 -0.00023108294234048228 -0.00023108294361786014 -0.0002310829461784862 -0.00023108295132330672 -0.00023108296694893083
-3.37907329951145e-05 -3.379073293677509e-05 -3.379073283964626e-05 -3.3790732645811796e-05 -3.379073225981545e-05 -3.379073111502543e-05 -3.379073307299073e-05 -3.3790733131446623e-05 -3.379073322899942e-05 -3.379073342451812e-05 -3.3790733817273914e-05 -3.37907350093514e-05
-4.388314149509874e-06 -4.388314146004353e-06 -4.38831414016816e-06 -4.388314128520621e-06 -4.388314105318334e-06 -4.388314036467013e-06 -4.388314154187526e-06 -4.3883141577015885e-06 -4.388314163561465e-06 -4.388314175306067e-06 -4.388314198893499e-06 -4.38831427044239e-06
-5.025574614792673e-07 -5.025574613159106e-07 -5.025574610442317e-07 -5.025574605012623e-07 -5.025574594197883e-07 -5.025574562086587e-07 -5.025574616972703e-07 -5.025574618613065e-07 -5.025574621339561e-07 -5.025574626810021e-07 -5.025574637796563e-07 -5.025574671104642e-07
-5.0199146194260077e-08 -5.0199146188339244e-08 -5.019914617868149e-08 -5.0199146159220395e-08 -5.019914612054086e-08 -5.0199146005667006e-08 -5.019914620187951e-08 -5.0199146207848874e-08 -5.019914621760368e-08 -5.0199146237161845e-08 -5.019914627647229e-08 -5.0199146395422785e-08
-4.3324423802360255e-09 -4.332442380090432e-09 -4.332442379799243e-09 -4.332442379289663e-09 -4.332442378209839e-09 -4.332442375103829e-09 -4.332442380442285e-09 -4.3324423806121445e-09 -4.332442380854801e-09 -4.332442381400779e-09 -4.332442382468471e-09 -4.332442385720076e-09
-3.2128566051436043e-10 -3.2128566051436043e-10 -3.21285660508294e-10 -3.2128566050526077e-10 -3.2128566048099507e-10 -3.212856604142644e-10 -3.212856605173936e-10 -3.212856605295265e-10 -3.212856605355929e-10 -3.2128566054165936e-10 -3.2128566056895823e-10 -3.212856606296225e-10
-2.0437430638304588e-11 -2.0437430638304588e-11 -2.0437430638304588e-11 -2.0437430638304588e-11 -2.0437430637167134e-11 -2.043743063640883e-11 -2.0437430638304588e-11 -2.0437430638304588e-11 -2.0437430638304588e-11 -2.0437430638304588e-11 -2.043743063906289e-11 -2.0437430640200347e-11
-1.1163343602719259e-12 -1.1163343602719259e-12 -1.1163343602719259e-12 -1.1163343602719259e-12 -1.1163343602719259e-12 -1.1163343602719259e-12 -1.1163343602719259e-12 -1.1163343602719259e-12 -1.1163343602719259e-12 -1.1163343602719259e-12 -1.1163343602719259e-12 -1.1163343602719259e-12
-5.2504874698727996e-14 -5.2504874698727996e-14 -5.2504874698727996e-14 -5.2504874698727996e-14 -5.2504874698727996e-14 -5.2504874698727996e-14 -5.2504874698727996e-14 -5.2504874698727996e-14 -5.2504874698727996e-14 -5.2504874698727996e-14 -5.2504874698727996e-14 -5.2504874698727996e-14
-2.1354291625020935e-15 -2.1354291625020935e-15 -2.1354291625020935e-15 -2.1354291625020935e-15 -2.1354291625020935e-15 -2.1354291625020935e-15 -2.1354291625020935e-15 -2.1354291625020935e-15 -2.1354291625020935e-15 -2.1354291625020935e-15 -2.1354291625020935e-15 -2.1354291625020935e-15
-7.549857138232213e-17 -7.549857138232213e-17 -7.549857138232213e-17 -7.549857138232213e-17 -7.549857138232213e-17 -7.549857138232213e-17 -7.549857138232213e-17 -7.549857138232213e-17 -7.549857138232213e-17 -7.549857138232213e-17 -7.549857138232213e-17 -7.549857138232213e-17
-2.335394856424497e-18 -2.335394856424497e-18 -2.335394856424497e-18 -2.335394856424497e-18 -2.335394856424497e-18 -2.335394856424497e-18 -2.335394856424497e-18 -2.335394856424497e-18 -2.335394856424497e-18 -2.335394856424497e-18 -2.335394856424497e-18 -2.335394856424497e-18
-6.367276433582232e-20 -6.367276433582232e-20 -6.367276433582232e-20 -6.367276433582232e-20 -6.367276433582232e-20 -6.367276433582232e-20 -6.367276433582232e-20 -6.367276433582232e-20 -6.367276433582232e-20 -6.367276433582232e-20 -6.367276433582232e-20 -6.367276433582232e-20
-1.5432411692606544e-21 -1.5432411692606544e-21 -1.5432411692606544e-21 -1.5432411692606544e-21 -1.5432411692606544e-21 -1.5432411692606544e-21 -1.5432411692606544e-21 -1.5432411692606544e-21 -1.5432411692606544e-21 -1.5432411692606544e-21 -1.5432411692606544e-21 -1.5432411692606544e-21
-3.3569394426239276e-23 -3.3569394426239276e-23 -3.3569394426239276e-23 -3.3569394426239276e-23 -3.3569394426239276e-23 -3.3569394426239276e-23 -3.3569394426239276e-23 -3.3569394426239276e-23 -3.3569394426239276e-23 -3.3569394426239276e-23 -3.3569394426239276e-23 -3.3569394426239276e-23
-6.6233736081026075e-25 -6.6233736081026075e-25 -6.6233736081026075e-25 -6.6233736081026075e-25 -6.6233736081026075e-25 -6.6233736081026075e-25 -6.6233736081026075e-25 -6.6233736081026075e-25 -6.6233736081026075e-25 -6.6233736081026075e-25 -6.6233736081026075e-25 -6.6233736081026075e-25
-1.1994525530573422e-26 -1.1994525530573422e-26 -1.1994525530573422e-26 -1.1994525530573422e-26 -1.1994525530573422e-26 -1.1994525530573422e-26 -1.1994525530573422e-26 -1.1994525530573422e-26 -1.1994525530573422e-26 -1.1994525530573422e-26 -1.1994525530573422e-26 -1.1994525530573422e-26
-2.0127412719108723e-28 -2.0127412719108723e-28 -2.0127412719108723e-28 -2.0127412719108723e-28 -2.0127412719108723e-28 -2.0127412719108723e-28 -2.0127412719108723e-28 -2.0127412719108723e-28 -2.0127412719108723e-28 -2.0127412719108723e-28 -2.0127412719108723e-28 -2.0127412719108723e-28
-3.200082066086365e-30 -3.200082066086365e-30 -3.200082066086365e-30 -3.200082066086365e-30 -3.200082066086365e-30 -3.200082066086365e-30 -3.200082066086365e-30 -3.200082066086365e-30 -3.200082066086365e-30 -3.200082066086365e-30 -3.200082066086365e-30 -3.200082066086365e-30
-4.965644585306429e-32 -4.965644585306429e-32 -4.965644585306429e-32 -4.965644585306429e-32 -4.965644585306429e-32 -4.965644585306429e-32 -4.965644585306429e-32 -4.965644585306429e-32 -4.965644585306429e-32 -4.965644585306429e-32 -4.965644585306429e-32 -4.965644585306429e-32
-6.896728590703373e-34 -6.896728590703373e-34 -6.896728590703373e-34 -6.896728590703373e-34 -6.896728590703373e-34 -6.896728590703373e-34 -6.896728590703373e-34 -6.896728590703373e-34 -6.896728590703373e-34 -6.896728590703373e-34 -6.896728590703373e-34 -6.896728590703373e-34
-2.155227684594804e-35 -2.155227684594804e-35 -2.155227684594804e-35 -2.155227684594804e-35 -2.155227684594804e-35 -2.155227684594804e-35 -2.155227684594804e-35 -2.155227684594804e-35 -2.155227684594804e-35 -2.155227684594804e-35 -2.155227684594804e-35 -2.155227684594804e-35
5.38806921148701e-36 5.38806921148701e-36 5.38806921148701e-36 5.38806921148701e-36 5.38806921148701e-36 5.38806921148701e-36 5.38806921148701e-36 5.38806921148701e-36 5.38806921148701e-36 5.38806921148701e-36 5.38806921148701e-36 5.38806921148701e-36
0.0 0.0 0.0 0.0 0.0 0.0 0.0 0.0 0.0 0.0 0.0 0.0
2.1047145357371133e-38 2.1047145357371133e-38 2.1047145357371133e-38 2.1047145357371133e-38 2.1047145357371133e-38 2.1047145357371133e-38 2.1047145357371133e-38 2.1047145357371133e-38 2.1047145357371133e-38 2.1047145357371133e-38 2.1047145357371133e-38 2.1047145357371133e-38
0.0 0.0 0.0 0.0 0.0 0.0 0.0 0.0 0.0 0.0 0.0 0.0
3.2886164620892395e-40 3.2886164620892395e-40 3.2886164620892395e-40 3.2886164620892395e-40 3.2886164620892395e-40 3.2886164620892395e-40 3.2886164620892395e-40 3.2886164620892395e-40 3.2886164620892395e-40 3.2886164620892395e-40 3.2886164620892395e-40 3.2886164620892395e-40
-6.166155866417324e-41 -6.166155866417324e-41 -6.166155866417324e-41 -6.166155866417324e-41 -6.166155866417324e-41 -6.166155866417324e-41 -6.166155866417324e-41 -6.166155866417324e-41 -6.166155866417324e-41 -6.166155866417324e-41 -6.166155866417324e-41 -6.166155866417324e-41
-2.5692316110072184e-42 -2.5692316110072184e-42 -2.5692316110072184e-42 -2.5692316110072184e-42 -2.5692316110072184e-42 -2.5692316110072184e-42 -2.5692316110072184e-42 -2.5692316110072184e-42 -2.5692316110072184e-42 -2.5692316110072184e-42 -2.5692316110072184e-42 -2.5692316110072184e-42
-3.211539513759023e-43 -3.211539513759023e-43 -3.211539513759023e-43 -3.211539513759023e-43 -3.211539513759023e-43 -3.211539513759023e-43 -3.211539513759023e-43 -3.211539513759023e-43 -3.211539513759023e-43 -3.211539513759023e-43 -3.211539513759023e-43 -3.211539513759023e-43
0.0 0.0 0.0 0.0 0.0 0.0 0.0 0.0 0.0 0.0 0.0 0.0
1.0036060980496947e-44 1.0036060980496947e-44 1.0036060980496947e-44 1.0036060980496947e-44 1.0036060980496947e-44 1.0036060980496947e-44 1.0036060980496947e-44 1.0036060980496947e-44 1.0036060980496947e-44 1.0036060980496947e-44 1.0036060980496947e-44 1.0036060980496947e-44
1.2545076225621183e-45 1.2545076225621183e-45 1.2545076225621183e-45 1.2545076225621183e-45 1.2545076225621183e-45 1.2545076225621183e-45 1.2545076225621183e-45 1.2545076225621183e-45 1.2545076225621183e-45 1.2545076225621183e-45 1.2545076225621183e-45 1.2545076225621183e-45
3.136269056405296e-46 3.136269056405296e-46 3.136269056405296e-46 3.136269056405296e-46 3.136269056405296e-46 3.136269056405296e-46 3.136269056405296e-46 3.136269056405296e-46 3.136269056405296e-46 3.136269056405296e-46 3.136269056405296e-46 3.136269056405296e-46
-7.84067264101324e-47 -7.84067264101324e-47 -7.84067264101324e-47 -7.84067264101324e-47 -7.84067264101324e-47 -7.84067264101324e-47 -7.84067264101324e-47 -7.84067264101324e-47 -7.84067264101324e-47 -7.84067264101324e-47 -7.84067264101324e-47 -7.84067264101324e-47
0.0 0.0 0.0 0.0 0.0 0.0 0.0 0.0 0.0 0.0 0.0 0.0
1.96016816025331e-47 1.96016816025331e-47 1.96016816025331e-47 1.96016816025331e-47 1.96016816025331e-47 1.96016816025331e-47 1.96016816025331e-47 1.96016816025331e-47 1.96016816025331e-47 1.96016816025331e-47 1.96016816025331e-47 1.96016816025331e-47
0.0 0.0 0.0 0.0 0.0 0.0 0.0 0.0 0.0 0.0 0.0 0.0
-1.96016816025331e-47 -1.96016816025331e-47 -1.96016816025331e-47 -1.96016816025331e-47 -1.96016816025331e-47 -1.96016816025331e-47 -1.96016816025331e-47 -1.96016816025331e-47 -1.96016816025331e-47 -1.96016816025331e-47 -1.96016816025331e-47 -1.96016816025331e-47
5.88050448075993e-47 5.88050448075993e-47 5.88050448075993e-47 5.88050448075993e-47 5.88050448075993e-47 5.88050448075993e-47 5.88050448075993e-47 5.88050448075993e-47 5.88050448075993e-47 5.88050448075993e-47 5.88050448075993e-47 5.88050448075993e-47
3.92033632050662e-47 3.92033632050662e-47 3.92033632050662e-47 3.92033632050662e-47 3.92033632050662e-47 3.92033632050662e-47 3.92033632050662e-47 3.92033632050662e-47 3.92033632050662e-47 3.92033632050662e-47 3.92033632050662e-47 3.92033632050662e-47
-1.96016816025331e-47 -1.96016816025331e-47 -1.96016816025331e-47 -1.96016816025331e-47 -1.96016816025331e-47 -1.96016816025331e-47 -1.96016816025331e-47 -1.96016816025331e-47 -1.96016816025331e-47 -1.96016816025331e-47 -1.96016816025331e-47 -1.96016816025331e-47
0.0 0.0 0.0 0.0 0.0 0.0 0.0 0.0 0.0 0.0 0.0 0.0
3.92033632050662e-47 3.92033632050662e-47 3.92033632050662e-47 3.92033632050662e-47 3.92033632050662e-47 3.92033632050662e-47 3.92033632050662e-47 3.92033632050662e-47 3.92033632050662e-47 3.92033632050662e-47 3.92033632050662e-47 3.92033632050662e-47
